85394.6791992
77139.9267578
61387.3022461
62548.0527344
62041.628418
59073.862793
60642.4428711
67664.8896484
60252.9697266
62202.0961914
59025.8022461
60180.815918
59743.5185547
63281.1894531
61272.3769531
61188.9448242
63107.628418
60451.3574219
57254.5444336
59395.6474609
60546.5429688
58161.5302734
57263.4379883
62539.1337891
62984.8852539
60978.1166992
58349.2495117
58197.4047852
59090.4384766
57726.0854492
60357.7460938
54450.2963867
56077.6210938
60550.7680664
57425.6879883
58689.6547852
57842.1362305
57466.5708008
63066.9277344
59859.8833008
59607.7817383
60751.5327148
58274.9824219
58333.8188477
57180.9902344
58336.6210938
53755.640625
54997.0751953
56975.4672852
55495.4350586
57379.3579102
59536.0473633
55340.769043
54249.4794922
54203.3369141
58960.2963867
55920.4008789
51512.7451172
58602.2304688
53924.8378906
56852.0307617
57618.8637695
54625.503418
52552.9555664
55935.7753906
58218.8095703
53237.2026367
54920.0039062
52181.3029785
53061.7045898
53738.0908203
55609.1005859
50429.7307129
51238.5874023
53878.9765625
51395.1662598
50776.8198242
50949.5092773
54595.7602539
50900.0991211
52423.4804688
52508.333252
52232.2392578
52040.4580078
50857.2299805
52138.7431641
50997.6411133
50994.8823242
49817.5024414
51637.7595215
53107.9643555
52031.5009766
53768.4760742
51850.5820312
50281.5136719
50541.0371094
52754.3393555
52060.5327148
49917.230957
50748.9897461
51247.4599609
48968.0241699
47087.9362793
50504.0117188
49527.1254883
50877.5136719
49095.3959961
49242.8666992
51491.9365234
51157.8476562
47859.4082031
46797.4782715
49126.8510742
51262.2915039
49403.3149414
48419.0270996
46351.6137695
47605.394043
48049.5610352
47979.9799805
48321.0461426
49336.1342773
51002.7885742
47374.4211426
47999.8955078
50085.0795898
48490.5322266
51810.1035156
49623.5085449
49334.7163086
47284.9404297
45738.184082
49045.984375
47417.590332
46032.6884766
46381.5063477
49366.8637695
49152.8139648
46698.355957
44414.2607422
46682.6308594
47191.6728516
48489.5141602
46179.5166016
46350.5810547
44811.376709
45770.8842773
43076.3562012
49043.9223633
46256.5598145
43170.8085938
47235.7441406
44221.8027344
44025.6757812
48017.9140625
47272.6850586
45230.2941895
46130.4343262
45096.0559082
44815.3869629
45308.2871094
47870.2727051
45502.0197754
44723.5275879
45782.5195312
43534.230957
49090.4648438
47875.625
41923.2780762
47122.3862305
44225.9169922
42044.1264648
45286.072998
45437.5219727
41163.2041016
44266.5805664
40890.7219238
42033.4057617
42736.9741211
44937.5629883
44164.3225098
42429.0656738
45088.1682129
45668.090332
45024.1784668
41627.043457
41978.4191895
44274.1201172
45168.5703125
42954.9287109
46616.4731445
43487.9333496
45307.9960938
44187.5622559
43612.9377441
39717.7490234
42675.652832
41430.3623047
42928.9245605
40320.1733398
42955.5063477
43285.239502
43664.2507324
40062.9731445
40887.1542969
41591.4663086
43211.9794922
41758.2070312
40695.5656738
43454.9172363
43697.605957
39254.4208984
41327.9611816
40580.1652832
38238.2158203
40791.3149414
41935.5927734
42409.7319336
42650.7348633
42292.1184082
40107.5356445
41151.2138672
41684.0720215
38678.1625977
37792.416748
40418.1782227
41404.7924805
40537.7629395
41147.7404785
38709.111084
39840.9311523
41545.3774414
39068.9626465
42337.9116211
41728.3935547
42272.265625
41049.4863281
38370.8466797
38754.9055176
42754.4960938
39180.9633789
39062.5598145
39195.5341797
39393.5512695
38161.5446777
40811.4023438
38494.1748047
37813.8840332
36936.092041
38156.4934082
39368.5043945
40101.1203613
37783.0290527
39701.8076172
39056.434082
37840.3049316
40073.6499023
38706.6645508
38250.3041992
37315.1535645
39393.6606445
39131.2028809
36117.3063965
36221.4335938
40812.7104492
41753.4807129
35896.6523438
38610.574707
36510.765625
38207.2514648
39178.3132324
38147.3574219
40005.2770996
35993.630127
36108.7285156
40668.1970215
38854.1040039
36659.1247559
36754.1176758
38424.739502
38139.895752
35588.4418945
36329.626709
37508.6181641
39077.9277344
36258.654541
37021.1501465
37096.4729004
37079.373291
37337.7526855
33400.8518066
37149.0310059
35105.6677246
36573.2790527
36833.269043
37883.1391602
37214.3989258
36558.9675293
35985.0014648
37018.0822754
34530.1791992
36255.0202637
34675.0280762
37212.8037109
36537.5737305
32921.1135254
36253.161377
36794.0720215
33643.6547852
35410.5136719
33915.901123
36351.751709
35573.0869141
36361.3342285
37769.2062988
35355.6804199
36695.3164062
34965.7504883
34197.0900879
32764.9121094
34594.9995117
32983.720459
33271.0507812
32649.7998047
35531.0761719
37160.2971191
33967.4165039
36016.060791
33542.0458984
34767.3249512
33612.4519043
34645.4267578
32483.6679688
33445.2404785
34278.1315918
33581.5541992
33930.5385742
35561.5021973
33494.5759277
32210.2495117
33138.1049805
34611.6589355
34668.8701172
34744.8122559
34948.6503906
35481.2944336
33951.814209
35263.8623047
34282.6000977
32801.376709
32961.2233887
32910.8291016
32726.3249512
32903.9128418
32728.8972168
33670.5234375
33132.357666
33566.3254395
34800.4145508
32973.949707
33648.2766113
33850.5791016
32119.0705566
31766.2243652
32702.9182129
31069.5014648
34699.5720215
31011.7685547
31632.3972168
33939.5483398
34378.748291
31944.0290527
31712.3266602
33639.2922363
33726.8986816
33031.7460938
32639.3244629
33076.6235352
31348.3664551
31476.0222168
33067.8857422
31838.1286621
31870.0610352
32237.1381836
32129.3154297
32460.3342285
31313.25
35187.5029297
32838.3662109
32216.7543945
32293.7998047
32469.4787598
32781.0070801
33052.920166
32715.5263672
31899.3232422
31970.9763184
34214.9375
31685.4741211
31492.4724121
32090.9741211
31099.8701172
33210.0314941
31627.5300293
29954.7119141
31482.7927246
33951.7512207
31224.2749023
30275.5437012
31855.2160645
31691.784668
32746.5686035
31641.0219727
30538.286377
31278.4516602
32003.1611328
30445.8630371
32245.0019531
31846.2160645
31897.0393066
32136.0280762
31646.7387695
30019.2854004
30849.0874023
31531.2724609
29370.7744141
31438.6801758
30555.4716797
31828.1994629
31641.4567871
32065.7355957
30578.1428223
32034.7145996
30118.7294922
30330.4873047
30619.998291
30844.6694336
30413.458252
29867.7246094
29938.8862305
29896.2045898
31210.626709
31153.791748
29854.3662109
30123.9611816
30218.6850586
30418.3869629
30397.6384277
31424.0605469
32865.2409668
31054.5495605
28989.7810059
29590.8740234
32169.3435059
29137.9438477
30499.2104492
32487.7324219
30345.3920898
30563.8706055
30276.6369629
30704.6323242
29636.8503418
32771.1345215
31419.2685547
30332.3054199
29916.3015137
30331.1975098
29633.5793457
29933.7819824
29896.7702637
29841.1018066
30208.473877
30544.5561523
30021.5993652
29487.9648438
30492.5690918
31366.6633301
31355.1335449
30174.1157227
29058.4946289
31002.0285645
29998.4072266
30214.2431641
30454.072998
29098.3349609
29748.8190918
29076.9013672
29756.2023926
30090.6557617
31688.1552734
31580.4042969
29857.2512207
28626.4680176
29240.9440918
30065.6462402
30204.0849609
29446.1115723
29878.8251953
28806.5124512
30292.4589844
30365.9753418
28058.9604492
29927.1381836
29614.3449707
30388.9279785
29983.7255859
31060.7011719
30637.206543
28075.583252
28614.6638184
29415.762207
30339.8491211
29653.364502
28878.2216797
30494.684082
30244.9428711
28228.0625
30392.7431641
29574.0944824
29327.9089355
29223.9174805
28280.0944824
28908.5864258
29502.0175781
29698.2487793
28980.1677246
28981.1384277
29641.7319336
30064.4328613
27571.9572754
29921.980957
29574.2158203
28639.6533203
28010.7062988
30314.958252
29391.9020996
28912.3208008
28494.2111816
30225.6311035
28057.9807129
29064.6433105
29162.4953613
30013.3325195
30105.1247559
28635.3186035
28268.8137207
30049.046875
27645.7883301
27706.5925293
29823.7839355
27062.0805664
29021.5710449
28115.5
29292.5935059
28901.9445801
28729.348877
29260.8601074
28616.6743164
28307.7473145
27639.9851074
29326.3081055
29673.2329102
29285.0725098
28431.5800781
30009.7590332
28919.0048828
28376.4472656
27955.265625
26830.1408691
28928.9729004
28704.9821777
28502.560791
28020.9772949
27647.3571777
28483.4899902
27331.4287109
28609.2363281
29146.7497559
28837.5566406
28925.9458008
28856.4733887
29018.8657227
28479.7680664
28580.2719727
29075.2692871
27967.3359375
28788.1452637
28953.2324219
27987.1455078
28673.142334
28854.7800293
29273.3596191
28530.2629395
27936.5148926
28997.546875
29289.9475098
30027.5419922
27281.8161621
27447.8928223
28462.8051758
30251.9172363
28988.8017578
28174.3366699
28802.1564941
27736.0314941
27303.3710938
29413.7260742
28334.3891602
28335.65625
28513.2299805
29047.7089844
28138.6921387
27814.4694824
28935.220459
27907.2192383
29352.2072754
28869.671875
28597.0012207
28062.2641602
28618.90625
27597.4519043
27991.269043
29412.4599609
28093.0283203
28578.9382324
29718.0720215
28517.8427734
27619.802002
29083.3737793
28744.5957031
28879.8925781
28385.6608887
29371.3928223
26763.4938965
29567.7363281
27011.7175293
27907.4084473
28255.5944824
28721.7443848
27720.9509277
28494.4213867
28462.7570801
28708.8425293
28446.3505859
28206.1542969
29067.862793
27092.5925293
27803.4523926
28319.6096191
27962.5859375
28248.5373535
27849.8864746
28630.3859863
28487.2536621
28393.7470703
28829.2045898
27483.7785645
28863.5715332
28972.9521484
26877.8972168
28559.5009766
28395.5786133
28808.6845703
27562.6083984
28610.512207
30820.3571777
27767.435791
29163.0227051
27595.5332031
27459.3305664
27802.331543
28582.2265625
28031.8479004
28880.9489746
28291.4804688
27750.760498
29329.3186035
28690.2941895
28734.861084
28351.6162109
28017.8955078
27880.4230957
27143.6740723
28532.8422852
27547.4431152
28234.0969238
26632.3186035
28861.1835938
28351.0178223
27301.6716309
28162.2365723
27880.1010742
28989.9428711
27740.4545898
28527.3432617
27887.713623
26974.0371094
28498.309082
28979.1164551
28292.722168
28853.7141113
27440.3657227
28020.4770508
27829.5742188
28431.6569824
27185.7121582
26821.3823242
27423.0544434
27443.6418457
28496.9631348
26788.5197754
27722.8652344
29496.7485352
27209.0788574
28584.873291
28147.9970703
27412.0114746
26642.7861328
28519.3337402
27698.854248
27813.0505371
28663.5512695
27858.4108887
27104.6469727
28483.5158691
28702.5935059
27582.095459
28362.2387695
27764.8078613
26693.0187988
26810.9963379
27849.7026367
27528.0332031
28086.722168
27722.3796387
27134.7224121
27428.3103027
28734.8581543
29593.5737305
29677.6186523
27319.5024414
27337.9545898
27877.2570801
28963.7919922
27231.3242188
27970.3034668
28140.7871094
28345.8083496
27335.8137207
27325.2893066
29083.3566895
27019.9233398
27946.0354004
28784.5083008
28255.2148438
28553.7666016
28230.4262695
27462.9938965
28781.7607422
27832.6955566
28186.0478516
27992.3762207
26952.5117188
29056.2783203
27709.2189941
27225.1401367
27915.0080566
28781.6000977
27375.4333496
27324.8266602
27074.282959
27398.9492188
27729.0305176
27920.3144531
28053.7131348
28322.9533691
28941.7412109
27861.6618652
28185.6816406
28003.0373535
28296.7912598
27547.7490234
27492.3430176
28642.4450684
27487.3156738
27338.3530273
28501.0905762
27654.6125488
28507.1179199
27537.2546387
27177.2788086
28252.5136719
28717.3193359
29309.0454102
26969.6416016
27397.970459
27436.3005371
27784.2980957
28408.769043
27753.3657227
27976.5537109
27760.6481934
28912.0512695
28282.2839355
27754.6120605
28550.1064453
29363.2060547
26964.6098633
27148.0561523
27304.3974609
27747.2978516
28450.465332
29084.520752
28132.6052246
27981.0812988
28009.0532227
26651.0585938
28018.8354492
28516.8742676
27782.3125
29245.510498
27532.1672363
28267.9057617
27412.8076172
27879.6452637
27714.0307617
27203.895752
26992.1669922
27372.2939453
27556.0585938
27399.7734375
28763.8920898
28189.2543945
28004.4384766
27402.9353027
27956.1467285
27375.8034668
27665.0480957
26847.7941895
27784.8532715
28673.5039062
28560.373291
26636.390625
26188.2385254
27950.5009766
26356.2143555
27805.7324219
28316.6496582
26346.557373
28722.166748
27937.8671875
27170.519043
27730.3713379
28076.244873
28740.8000488
27861.236084
27738.1269531
27111.1281738
27812.7995605
26899.4641113
27993.4526367
27886.6452637
28140.2468262
28029.8764648
27497.637207
27063.0739746
27747.9589844
27849.8935547
27870.6745605
28146.8706055
28394.4926758
27469.5288086
27407.0898438
27320.7770996
27830.0620117
27884.3039551
27834.9765625
28254.1655273
27527.5700684
27325.8520508
28021.5246582
27192.1809082
28498.2922363
28325.1130371
27841.8388672
27577.6838379
27457.4216309
27373.1750488
27643.4511719
28525.8742676
28631.4562988
27883.4333496
28215.7900391
27904.3081055
27167.9724121
27321.4855957
27209.0146484
28122.7741699
27991.2731934
27584.9296875
27092.7727051
28765.7341309
26881.2695312
27467.5270996
26748.6777344
28631.5324707
28547.3400879
28273.9916992
28520.5620117
26432.1855469
27347.8950195
28059.1643066
26911.5637207
28029.2189941
27400.1862793
28014.2016602
27686.9833984
28255.0583496
27845.5522461
27575.6518555
27251.067627
28228.6994629
27382.3212891
29012.286377
28120.9343262
27860.0725098
27520.3535156
27462.8212891
28807.34375
27457.7832031
27555.6843262
27789.8918457
27521.6860352
27396.279541
26455.7438965
27172.3188477
27498.5834961
27025.7250977
27622.1450195
27544.8527832
27202.953125
27937.2392578
26117.6252441
28271.8325195
26917.517334
28136.4714355
28494.416748
26671.5483398
28156.03125
28003.7731934
27842.3083496
28474.7614746
27389.3791504
27750.0478516
28085.2021484
28626.7380371
27185.8393555
28023.1179199
26892.5900879
27137.5695801
27800.7741699
27560.5639648
28141.2504883
27304.4165039
27013.2016602
27435.2478027
27851.8710938
28140.1801758
27849.059082
27586.0625
28439.5285645
27033.126709
26775.9748535
26932.7856445
27851.3896484
28140.8066406
27861.2216797
28609.5168457
27412.7307129
28188.3254395
27696.8808594
27650.7753906
28151.980957
27531.7736816
27360.6757812
27391.578125
28130.4174805
27485.0615234
28319.8969727
27601.5058594
27886.1599121
27746.9306641
27705.7089844
26627.6230469
27658.7434082
28319.2353516
27514.1955566
27197.6896973
99849.019043
63287.8745117
77099.0683594
67186.4438477
69026.4941406
61951.8789062
62581.734375
60554.472168
65537.8613281
59124.9975586
63606.8022461
62025.9204102
59752.097168
61652.1181641
63538.7944336
61202.2333984
63120.7119141
60464.9873047
67174.6977539
59409.3251953
57083.2558594
58176.3530273
62651.59375
57184.8964844
61088.1201172
62904.0161133
58364.125
58211.9711914
57834.9775391
59009.4511719
60371.0092773
56184.2719727
54034.5649414
54276.5395508
57434.9438477
58698.4912109
57850.2573242
57473.3417969
58085.3696289
59861.3291016
60846.1606445
59511.328125
58270.1401367
58326.7197266
57172.1279297
58326.0131836
53742.6098633
57053.6518555
54890.996582
55478.5205078
59611.3686523
57267.4916992
55319.7348633
59123.1445312
54135.0039062
54090.2543945
55895.4716797
51488.3442383
58575.2509766
53898.8701172
56824.3867188
57589.375
52614.5776367
54504.8544922
55905.628418
58186.9384766
53206.074707
54887.3007812
52149.9672852
53028.0288086
53704.9160156
50485.3283691
55484.4819336
51205.1054688
51447.1779785
53757.496582
50742.3188477
51037.8457031
50827.1611328
54469.4482422
52386.8857422
52472.342041
52194.3178711
50907.0969238
52187.5292969
51824.9375
50960.1220703
50955.9750977
49778.9838867
51598.4350586
53066.5058594
51992.0063477
50764.9345703
50327.8110352
53547.7973633
51632.7104492
52106.4291992
52623.6054688
49876.4819336
49095.1542969
50620.3198242
51117.3500977
50547.3178711
46965.8054199
49482.7265625
50832.965332
49052.7451172
49199.3054199
51446.2060547
47900.0356445
51026.4423828
46755.8500977
49083.027832
51216.0834961
49357.7871094
48372.7438965
46306.5107422
47560.1157227
48005.9707031
47934.8833008
49371.9758301
48193.9335938
50955.6262207
48035.2807617
47246.3569336
50037.7324219
51846.2177734
48360.0800781
49576.6025391
49303.8579102
47238.0153809
47534.0678711
45613.0302734
48913.9521484
46414.71875
45903.3867188
49317.3359375
49103.2036133
44445.1721191
46570.8666992
46634.3068848
47143.2963867
48441.2944336
46130.9855957
46302.7463379
44763.9272461
45731.855957
43030.8037109
48994.1230469
46207.6557617
43123.4838867
